YR    MON  NINO12   ANOM   NINO3    ANOM1  NINO4   ANOM2   NINO34   ANOM3
1950   1   23.49   -1.00   23.97   -1.64   27.41    -.73   25.01   -1.50
1950   2   24.56   -1.49   24.51   -1.85   26.77   -1.24   24.92   -1.77
1950   3   25.59    -.89   26.65    -.43   27.00   -1.09   26.41    -.73
1950   4   23.84   -1.62   26.65    -.76   27.12   -1.28   26.75    -.94
1950   5   23.41    -.93   25.91   -1.14   27.72    -.92   26.30   -1.47
1950   6   21.70   -1.32   25.64    -.74   27.85    -.79   26.79    -.70
1950   7   20.74   -1.11   25.17    -.41   27.84    -.73   26.59    -.48
1950   8   20.52    -.30   24.51    -.44   27.54    -.91   26.11    -.59
1950   9   19.82    -.65   24.12    -.71   27.12   -1.37   25.56   -1.09
1950  10   20.19    -.72   24.32    -.57   27.64    -.77   26.03    -.57
1950  11   20.46   -1.22   23.80   -1.15   27.13   -1.23   25.42   -1.09
1950  12   21.92    -.92   24.44    -.64   27.27   -1.01   25.54    -.93
1951   1   25.13     .65   25.10    -.51   27.34    -.79   25.47   -1.04
1951   2   25.44    -.60   26.55     .20   26.91   -1.09   26.62    -.07
1951   3   25.90    -.58   26.58    -.50   27.29    -.80   26.44    -.70
1951   4   25.29    -.18   27.67     .27   27.94    -.47   27.74     .05
1951   5   24.90     .57   27.04    -.02   28.31    -.33   27.54    -.22
1951   6   24.56    1.54   26.46     .09   29.30     .66   27.53     .04
1951   7   24.04    2.19   26.54     .96   28.48    -.09   27.48     .41
1951   8   22.43    1.61   25.96    1.01   28.68     .23   27.44     .74
1951   9   21.52    1.05   25.45     .62   28.43    -.06   27.02     .38
1951  10   22.20    1.29   25.88     .99   28.51     .10   27.40     .80
1951  11   22.90    1.22   25.96    1.01   28.87     .51   27.31     .80
1951  12   23.01     .18   25.99     .91   28.36     .08   27.19     .72
1952   1   24.47    -.01   25.91     .29   28.43     .29   26.88     .37
1952   2   26.42     .38   26.69     .34   28.14     .13   27.03     .34
1952   3   26.51     .03   26.95    -.14   27.99    -.11   26.89    -.26
1952   4   24.54    -.92   27.56     .16   28.66     .25   28.12     .43
1952   5   23.69    -.64   26.64    -.42   28.66     .01   27.58    -.18
1952   6   22.35    -.67   25.75    -.62   28.58    -.06   27.06    -.43
1952   7   20.74   -1.11   25.12    -.46   28.17    -.40   26.82    -.26
1952   8   19.95    -.87   24.85    -.10   28.56     .11   26.83     .13
1952   9   20.12    -.35   24.59    -.24   28.38    -.10   26.49    -.15
1952  10   20.45    -.46   24.62    -.27   28.50     .09   26.70     .10
1952  11   20.72    -.96   24.53    -.42   28.13    -.23   26.37    -.15
1952  12   22.53    -.30   24.45    -.63   28.16    -.12   25.99    -.48
1953   1   24.19    -.30   25.92     .30   28.57     .43   27.02     .51
1953   2   26.33     .29   26.81     .45   28.17     .16   27.09     .39
1953   3   27.21     .73   27.41     .32   28.06    -.03   27.41     .27
1953   4   26.85    1.38   28.23     .82   28.58     .17   28.40     .71
1953   5   25.24     .90   27.44     .38   28.49    -.16   27.90     .14
1953   6   23.74     .72   26.90     .53   28.64     .00   27.87     .38
1953   7   22.45     .60   26.04     .46   28.89     .32   27.65     .58
1953   8   21.68     .86   25.12     .17   28.61     .16   26.82     .12
1953   9   21.49    1.03   25.69     .86   28.75     .26   27.46     .81
1953  10   21.08     .17   25.13     .24   28.35    -.05   26.91     .31
1953  11   22.07     .39   25.28     .32   28.59     .23   26.94     .43
1953  12   22.47    -.37   25.36     .27   27.64    -.64   26.43    -.05
1954   1   23.06   -1.43   25.77     .15   28.55     .41   27.08     .57
1954   2   25.22    -.82   26.40     .04   28.03     .03   26.95     .26
1954   3   25.83    -.65   27.05    -.03   28.10     .00   27.36     .21
1954   4   23.05   -2.41   26.25   -1.15   28.34    -.07   27.38    -.30
1954   5   21.79   -2.54   26.02   -1.04   28.58    -.07   27.46    -.30
1954   6   21.02   -2.00   25.33   -1.04   28.30    -.34   27.06    -.43
1954   7   19.89   -1.96   24.46   -1.12   28.00    -.58   26.32    -.76
1954   8   19.78   -1.04   23.73   -1.22   28.02    -.43   25.65   -1.06
1954   9   19.23   -1.24   23.75   -1.08   27.64    -.84   25.55   -1.09
1954  10   19.20   -1.71   23.82   -1.07   27.89    -.52   25.80    -.80
1954  11   20.47   -1.22   24.06    -.89   27.31   -1.05   25.65    -.87
1954  12   21.25   -1.59   24.13    -.95   27.14   -1.14   25.53    -.95
1955   1   23.70    -.78   24.58   -1.03   26.90   -1.24   25.12   -1.39
1955   2   24.64   -1.41   26.26    -.10   26.88   -1.13   26.27    -.42
1955   3   25.51    -.97   26.28    -.81   27.33    -.76   26.31    -.83
1955   4   24.34   -1.12   26.90    -.51   27.42    -.99   27.01    -.67
1955   5   22.53   -1.81   25.58   -1.48   27.75    -.90   26.66   -1.11
1955   6   21.12   -1.90   25.32   -1.06   28.08    -.56   26.72    -.78
1955   7   20.56   -1.29   24.93    -.66   27.82    -.75   26.39    -.69
1955   8   19.75   -1.06   24.19    -.76   27.54    -.91   25.92    -.78
1955   9   19.47   -1.00   23.10   -1.73   27.70    -.78   25.01   -1.63
1955  10   19.35   -1.56   23.21   -1.67   26.62   -1.78   24.83   -1.77
1955  11   20.00   -1.69   22.70   -2.25   26.86   -1.50   24.34   -2.18
1955  12   21.10   -1.74   23.60   -1.48   27.11   -1.17   25.05   -1.43
1956   1   23.67    -.82   24.28   -1.33   27.26    -.88   25.32   -1.19
1956   2   24.78   -1.26   25.94    -.41   27.27    -.73   26.18    -.51
1956   3   25.76    -.72   26.49    -.60   27.13    -.96   26.37    -.78
1956   4   25.06    -.40   26.89    -.51   27.57    -.83   26.91    -.77
1956   5   23.30   -1.04   26.65    -.41   28.25    -.40   27.63    -.13
1956   6   22.29    -.73   26.03    -.34   28.06    -.58   27.16    -.34
1956   7   21.62    -.23   24.93    -.65   27.53   -1.04   26.32    -.76
1956   8   20.66    -.16   24.22    -.73   27.72    -.73   25.98    -.72
1956   9   19.98    -.48   23.88    -.95   27.42   -1.06   25.79    -.86
1956  10   19.84   -1.08   24.43    -.46   27.75    -.66   26.30    -.30
1956  11   20.86    -.82   23.90   -1.06   27.92    -.44   25.63    -.88
1956  12   21.60   -1.23   24.38    -.71   28.06    -.22   26.20    -.28
1957   1   23.25   -1.24   24.80    -.81   28.16     .02   26.16    -.35
1957   2   26.32     .28   26.41     .05   28.42     .42   26.88     .19
1957   3   27.47     .99   27.35     .26   28.13     .04   27.37     .23
1957   4   26.86    1.40   27.93     .53   28.92     .52   28.16     .48
1957   5   26.29    1.95   27.55     .49   29.20     .56   28.13     .37
1957   6   24.92    1.89   27.22     .85   28.67     .03   27.91     .41
1957   7   23.82    1.97   26.59    1.00   28.90     .33   27.82     .75
1957   8   22.33    1.51   26.34    1.39   29.02     .57   27.97    1.27
1957   9   21.88    1.42   25.31     .48   28.96     .47   27.00     .36
1957  10   21.76     .85   25.60     .71   28.69     .28   27.39     .79
1957  11   22.40     .72   26.19    1.24   29.17     .81   27.93    1.42
1957  12   23.75     .91   26.68    1.60   28.88     .60   28.08    1.61
1958   1   24.96     .47   27.09    1.48   29.15    1.01   28.42    1.91
1958   2   26.74     .70   27.37    1.01   29.37    1.37   28.24    1.55
1958   3   27.07     .59   27.78     .69   29.20    1.11   28.36    1.22
1958   4   26.45     .99   27.73     .33   29.01     .61   28.21     .53
1958   5   25.08     .74   27.03    -.03   29.23     .58   28.11     .35
1958   6   23.04     .02   26.60     .22   29.19     .55   28.10     .61
1958   7   22.38     .53   25.74     .15   28.94     .37   27.33     .26
1958   8   20.56    -.26   25.09     .14   28.89     .44   27.22     .52
1958   9   20.72     .25   24.21    -.62   28.52     .03   26.13    -.51
1958  10   20.96     .05   24.59    -.30   28.91     .50   26.70     .11
1958  11   21.64    -.04   24.78    -.17   28.81     .45   26.71     .20
1958  12   22.47    -.36   25.14     .05   28.94     .66   27.02     .54
1959   1   24.09    -.40   25.50    -.11   28.96     .82   27.06     .55
1959   2   25.68    -.37   26.43     .07   28.50     .50   27.30     .61
1959   3   27.07     .59   26.79    -.29   28.44     .35   27.24     .10
1959   4   25.89     .42   27.58     .17   28.66     .25   27.96     .28
1959   5   24.26    -.07   26.94    -.12   29.05     .40   27.92     .16
1959   6   22.63    -.39   26.03    -.34   28.39    -.25   27.37    -.13
1959   7   21.45    -.40   24.96    -.63   28.29    -.28   26.62    -.46
1959   8   20.34    -.48   24.32    -.63   28.29    -.16   26.33    -.38
1959   9   20.41    -.06   24.26    -.57   28.28    -.21   26.04    -.60
1959  10   20.91     .00   24.72    -.16   28.49     .09   26.52    -.07
1959  11   21.99     .30   24.77    -.19   28.18    -.17   26.40    -.11
1959  12   22.69    -.14   24.91    -.18   28.05    -.23   26.39    -.08
1960   1   24.57     .08   25.53    -.08   27.71    -.43   26.49    -.03
1960   2   25.72    -.33   25.92    -.44   27.69    -.32   26.35    -.35
1960   3   26.15    -.33   26.96    -.13   28.02    -.08   27.17     .02
1960   4   24.72    -.74   27.32    -.09   28.35    -.05   27.84     .15
1960   5   23.76    -.58   26.62    -.43   28.39    -.26   27.65    -.12
1960   6   22.15    -.87   25.97    -.41   28.34    -.30   27.35    -.14
1960   7   21.01    -.84   25.37    -.22   28.44    -.13   27.07     .00
1960   8   20.37    -.45   24.89    -.06   28.18    -.27   26.90     .19
1960   9   20.54     .07   24.82    -.01   28.39    -.09   26.63    -.01
1960  10   20.22    -.69   24.25    -.64   28.36    -.05   26.28    -.32
1960  11   20.91    -.77   24.12    -.83   28.37     .01   26.12    -.40
1960  12   22.74    -.10   24.66    -.43   28.66     .38   26.31    -.17
1961   1   24.45    -.04   25.10    -.51   28.03    -.11   26.23    -.29
1961   2   26.55     .51   26.42     .06   27.98    -.03   26.61    -.08
1961   3   25.91    -.57   26.88    -.21   27.77    -.32   27.03    -.11
1961   4   24.97    -.49   27.55     .14   28.16    -.25   27.76     .08
1961   5   23.71    -.63   26.92    -.14   28.49    -.15   27.84     .08
1961   6   22.39    -.64   26.62     .25   28.60    -.04   28.05     .55
1961   7   20.55   -1.30   24.82    -.76   28.45    -.13   26.90    -.18
1961   8   19.96    -.86   24.27    -.69   28.24    -.21   26.45    -.26
1961   9   19.75    -.72   23.61   -1.22   28.27    -.21   25.93    -.72
1961  10   20.00    -.92   23.97    -.92   28.00    -.40   26.03    -.57
1961  11   21.07    -.61   24.36    -.60   28.24    -.12   26.16    -.35
1961  12   22.06    -.77   24.87    -.22   28.02    -.26   26.28    -.19
1962   1   24.11    -.38   25.34    -.27   27.64    -.50   26.17    -.34
1962   2   25.55    -.49   26.11    -.25   27.64    -.37   26.36    -.33
1962   3   24.63   -1.85   26.52    -.57   27.78    -.31   26.87    -.27
1962   4   23.57   -1.89   26.61    -.80   28.28    -.13   27.28    -.40
1962   5   23.48    -.86   26.25    -.81   28.27    -.38   27.24    -.52
1962   6   21.85   -1.17   25.97    -.41   28.38    -.26   27.41    -.09
1962   7   20.57   -1.28   25.31    -.28   28.38    -.19   27.05    -.03
1962   8   20.37    -.45   24.94    -.02   28.23    -.22   26.81     .10
1962   9   20.16    -.31   24.21    -.62   28.14    -.34   26.10    -.54
1962  10   19.92    -.99   24.27    -.62   27.94    -.47   26.17    -.43
1962  11   20.88    -.80   24.10    -.85   28.14    -.22   25.97    -.55
1962  12   21.83   -1.01   24.15    -.93   27.84    -.44   25.83    -.65
1963   1   24.11    -.38   25.05    -.56   27.39    -.75   25.88    -.64
1963   2   25.36    -.68   25.81    -.55   27.74    -.27   26.19    -.50
1963   3   25.88    -.60   26.94    -.14   27.90    -.19   27.14     .00
1963   4   24.54    -.92   27.58     .18   28.16    -.24   27.83     .14
1963   5   24.17    -.17   26.96    -.10   28.36    -.28   27.55    -.21
1963   6   22.60    -.42   26.67     .30   28.29    -.35   27.61     .11
1963   7   22.01     .16   26.43     .85   29.01     .44   28.01     .93
1963   8   21.45     .64   25.85     .90   28.81     .36   27.62     .92
1963   9   21.15     .69   25.44     .61   28.82     .34   27.42     .78
1963  10   21.00     .09   25.55     .67   29.05     .65   27.59     .99
1963  11   21.92     .24   25.76     .80   28.70     .34   27.45     .94
1963  12   22.83    -.01   26.05     .97   28.48     .20   27.58    1.11
1964   1   24.17    -.32   26.01     .40   28.67     .53   27.42     .91
1964   2   24.98   -1.06   26.34    -.02   28.21     .20   27.14     .45
1964   3   25.04   -1.44   26.66    -.43   27.70    -.40   26.96    -.18
1964   4   24.53    -.94   26.42    -.98   28.24    -.16   27.07    -.62
1964   5   21.96   -2.38   25.40   -1.66   28.32    -.33   26.82    -.94
1964   6   21.27   -1.75   25.04   -1.33   28.17    -.48   26.58    -.91
1964   7   20.43   -1.42   24.88    -.70   28.18    -.40   26.53    -.55
1964   8   19.20   -1.62   23.81   -1.14   27.79    -.66   26.00    -.71
1964   9   19.51    -.96   23.94    -.89   27.13   -1.36   25.52   -1.12
1964  10   19.96    -.95   24.12    -.76   27.58    -.83   25.83    -.76
1964  11   20.92    -.76   23.88   -1.07   27.37    -.99   25.32   -1.19
1964  12   21.85    -.99   23.69   -1.39   27.23   -1.05   25.38   -1.09
1965   1   24.19    -.30   24.80    -.82   27.52    -.62   25.82    -.69
1965   2   25.95    -.10   26.08    -.27   27.71    -.29   26.41    -.28
1965   3   26.68     .20   26.97    -.12   27.82    -.27   27.15     .01
1965   4   27.10    1.63   27.68     .27   28.04    -.37   27.75     .07
1965   5   26.04    1.70   27.61     .55   28.59    -.05   28.09     .33
1965   6   24.57    1.54   27.19     .82   28.98     .33   28.27     .78
1965   7   23.34    1.49   26.75    1.16   29.06     .49   28.23    1.15
1965   8   22.02    1.20   26.20    1.25   29.03     .58   28.05    1.34
1965   9   21.38     .92   26.03    1.20   28.92     .44   27.93    1.29
1965  10   21.67     .76   26.18    1.29   29.26     .85   28.16    1.56
1965  11   22.30     .62   26.39    1.43   29.15     .80   28.13    1.62
1965  12   23.45     .61   26.64    1.55   29.10     .82   28.31    1.84
1966   1   25.27     .79   26.78    1.17   28.92     .78   27.82    1.31
1966   2   25.92    -.13   26.88     .53   28.74     .73   27.67     .98
1966   3   25.41   -1.07   27.11     .03   29.16    1.07   28.03     .89
1966   4   24.18   -1.28   27.54     .13   28.94     .53   28.39     .70
1966   5   23.07   -1.27   26.22    -.84   29.09     .45   27.66    -.10
1966   6   21.84   -1.18   26.20    -.17   28.97     .33   28.03     .53
1966   7   20.81   -1.03   25.49    -.09   28.99     .42   27.45     .37
1966   8   20.27    -.55   24.65    -.30   28.73     .28   26.79     .08
1966   9   19.62    -.84   24.17    -.66   28.80     .32   26.51    -.13
1966  10   20.64    -.27   24.50    -.39   28.71     .31   26.51    -.09
1966  11   21.07    -.61   24.25    -.71   28.61     .25   26.29    -.22
1966  12   22.32    -.52   24.29    -.79   28.49     .21   26.17    -.30
1967   1   23.77    -.72   25.13    -.49   27.74    -.40   26.15    -.36
1967   2   25.64    -.40   26.21    -.14   27.56    -.45   26.42    -.27
1967   3   25.75    -.73   26.41    -.67   27.90    -.20   26.58    -.57
1967   4   25.23    -.24   26.53    -.88   28.34    -.06   26.87    -.82
1967   5   23.89    -.45   26.76    -.30   28.64    -.01   27.50    -.26
1967   6   22.18    -.84   26.54     .17   28.55    -.09   27.74     .24
1967   7   20.99    -.86   25.13    -.45   28.51    -.07   26.93    -.15
1967   8   19.73   -1.09   24.24    -.72   28.36    -.10   26.48    -.22
1967   9   19.18   -1.28   23.66   -1.17   28.33    -.16   26.04    -.61
1967  10   19.41   -1.50   23.80   -1.09   28.42     .01   26.09    -.51
1967  11   20.21   -1.47   23.98    -.97   28.37     .01   26.19    -.33
1967  12   21.30   -1.54   24.22    -.87   28.36     .08   26.11    -.37
1968   1   23.17   -1.31   24.49   -1.12   28.03    -.11   25.88    -.63
1968   2   24.79   -1.26   24.91   -1.45   28.15     .14   25.77    -.92
1968   3   25.17   -1.31   25.94   -1.15   28.02    -.08   26.55    -.60
1968   4   24.09   -1.38   26.70    -.70   28.36    -.04   27.28    -.41
1968   5   22.54   -1.80   26.13    -.93   28.32    -.32   27.20    -.57
1968   6   21.60   -1.42   26.15    -.22   28.85     .21   27.60     .10
1968   7   21.13    -.72   25.90     .32   28.51    -.06   27.47     .40
1968   8   20.73    -.09   25.27     .31   28.71     .26   27.14     .44
1968   9   20.86     .39   24.95     .12   28.51     .03   26.69     .05
1968  10   21.16     .25   25.11     .23   28.83     .42   26.92     .32
1968  11   21.35    -.33   25.32     .37   29.18     .82   27.36     .85
1968  12   22.99     .16   25.73     .64   29.01     .73   27.27     .80
1969   1   24.76     .27   26.37     .76   29.34    1.20   27.69    1.18
1969   2   25.55    -.50   26.74     .39   29.34    1.33   27.81    1.12
1969   3   26.88     .40   27.69     .61   28.87     .77   27.99     .84
1969   4   26.42     .96   27.89     .49   29.06     .65   28.17     .49
1969   5   25.97    1.63   28.02     .96   29.35     .71   28.57     .81
1969   6   24.30    1.28   27.09     .72   28.98     .34   28.09     .60
1969   7   22.24     .39   25.80     .22   28.75     .18   27.28     .20
1969   8   21.01     .19   25.50     .55   28.86     .41   27.33     .63
1969   9   20.68     .21   25.44     .61   29.05     .56   27.27     .63
1969  10   21.80     .88   25.66     .77   29.19     .78   27.44     .85
1969  11   22.33     .65   25.73     .78   28.89     .53   27.24     .73
1969  12   23.45     .61   26.26    1.18   28.80     .52   27.62    1.15
1970   1   24.92     .44   26.54     .92   28.69     .55   27.39     .88
1970   2   25.63    -.42   26.57     .21   28.55     .54   27.10     .41
1970   3   25.57    -.91   26.93    -.15   28.31     .21   27.42     .28
1970   4   24.48    -.98   27.46     .06   28.63     .22   28.14     .45
1970   5   23.13   -1.21   26.37    -.69   28.86     .21   27.69    -.07
1970   6   21.33   -1.69   25.37   -1.00   28.57    -.07   27.10    -.40
1970   7   19.70   -2.15   23.88   -1.71   28.50    -.07   26.21    -.86
1970   8   19.30   -1.52   23.55   -1.40   27.89    -.56   25.83    -.88
1970   9   19.49    -.98   23.57   -1.26   27.72    -.77   25.58   -1.06
1970  10   20.29    -.62   23.68   -1.21   27.55    -.86   25.41   -1.19
1970  11   20.32   -1.36   23.42   -1.54   27.40    -.96   25.07   -1.44
1970  12   21.79   -1.05   23.40   -1.68   26.86   -1.42   24.64   -1.84
1971   1   23.32   -1.17   24.35   -1.26   26.81   -1.33   25.01   -1.50
1971   2   24.66   -1.38   24.95   -1.41   26.94   -1.07   25.27   -1.42
1971   3   24.91   -1.57   26.17    -.92   27.15    -.95   26.11   -1.03
1971   4   25.10    -.36   26.69    -.71   27.58    -.83   26.64   -1.05
1971   5   22.96   -1.37   26.37    -.68   27.98    -.66   27.16    -.60
1971   6   21.86   -1.16   25.71    -.66   28.12    -.52   26.93    -.56
1971   7   21.26    -.59   25.11    -.47   27.91    -.66   26.64    -.44
1971   8   19.86    -.96   24.14    -.81   27.86    -.59   26.24    -.46
1971   9   19.79    -.68   23.94    -.89   27.64    -.84   25.88    -.76
1971  10   20.07    -.84   23.91    -.98   27.81    -.60   25.92    -.67
1971  11   21.13    -.56   23.90   -1.05   27.62    -.74   25.58    -.94
1971  12   21.96    -.87   23.94   -1.14   27.74    -.54   25.61    -.86
1972   1   24.62     .14   25.12    -.49   27.63    -.51   25.84    -.67
1972   2   26.81     .77   26.19    -.16   28.14     .13   26.49    -.20
1972   3   27.31     .83   26.98    -.11   28.17     .07   27.08    -.06
1972   4   26.35     .89   27.91     .51   28.93     .53   28.08     .40
1972   5   25.51    1.17   27.66     .60   29.39     .75   28.36     .60
1972   6   24.86    1.84   27.41    1.04   29.22     .58   28.34     .85
1972   7   24.07    2.22   27.03    1.45   29.28     .71   28.17    1.09
1972   8   23.27    2.45   26.87    1.92   28.94     .49   28.14    1.43
1972   9   22.12    1.65   26.35    1.52   28.96     .47   27.86    1.22
1972  10   22.56    1.65   26.80    1.91   29.33     .92   28.38    1.78
1972  11   23.40    1.72   27.12    2.16   29.42    1.06   28.62    2.11
1972  12   24.69    1.85   27.50    2.42   29.19     .91   28.61    2.14
1973   1   26.33    1.85   27.37    1.76   29.12     .98   28.25    1.74
1973   2   26.50     .45   27.39    1.03   28.79     .79   27.98    1.29
1973   3   26.15    -.33   27.37     .28   28.53     .44   27.82     .68
1973   4   24.52    -.94   26.89    -.52   28.37    -.04   27.53    -.15
1973   5   23.47    -.86   26.12    -.94   28.70     .05   27.26    -.50
1973   6   21.51   -1.51   25.34   -1.04   28.20    -.44   26.70    -.80
1973   7   20.75   -1.10   24.39   -1.20   28.12    -.45   26.04   -1.04
1973   8   19.47   -1.34   23.65   -1.30   27.84    -.62   25.66   -1.05
1973   9   19.24   -1.22   23.60   -1.23   27.55    -.93   25.44   -1.20
1973  10   19.68   -1.23   23.57   -1.32   27.25   -1.16   25.25   -1.35
1973  11   20.71    -.97   23.47   -1.48   27.06   -1.30   24.76   -1.75
1973  12   21.61   -1.22   23.55   -1.54   26.66   -1.62   24.58   -1.90
1974   1   23.32   -1.17   23.97   -1.64   26.61   -1.53   24.58   -1.93
1974   2   24.92   -1.12   25.16   -1.20   26.74   -1.27   25.21   -1.49
1974   3   26.04    -.44   26.39    -.70   27.12    -.98   26.05   -1.10
1974   4   25.29    -.17   26.83    -.58   27.52    -.89   26.90    -.79
1974   5   24.42     .08   26.49    -.57   27.79    -.86   26.82    -.94
1974   6   22.68    -.34   26.15    -.22   27.97    -.68   27.18    -.31
1974   7   21.60    -.25   25.51    -.08   27.80    -.77   26.71    -.36
1974   8   20.47    -.35   24.77    -.18   27.98    -.47   26.30    -.40
1974   9   19.91    -.55   24.35    -.47   27.72    -.76   26.19    -.45
1974  10   20.02    -.89   24.15    -.74   27.59    -.82   25.87    -.73
1974  11   20.95    -.73   24.06    -.90   27.50    -.86   25.59    -.93
1974  12   21.41   -1.42   24.24    -.85   27.63    -.65   25.78    -.69
1975   1   23.67    -.81   25.18    -.44   27.46    -.68   26.08    -.43
1975   2   24.90   -1.15   25.73    -.63   27.83    -.18   26.33    -.36
1975   3   26.17    -.31   26.57    -.52   27.54    -.56   26.59    -.55
1975   4   25.44    -.02   27.11    -.29   27.75    -.66   27.15    -.54
1975   5   23.36    -.98   26.00   -1.06   27.77    -.88   26.87    -.89
1975   6   21.71   -1.31   25.24   -1.13   27.53   -1.11   26.41   -1.09
1975   7   20.98    -.87   24.77    -.81   27.52   -1.05   26.13    -.94
1975   8   20.05    -.77   24.14    -.81   27.14   -1.31   25.55   -1.15
1975   9   18.80   -1.66   23.69   -1.14   27.04   -1.45   25.31   -1.33
1975  10   19.13   -1.78   23.40   -1.49   26.83   -1.57   25.07   -1.53
1975  11   19.61   -2.07   23.72   -1.23   26.89   -1.47   25.23   -1.28
1975  12   20.94   -1.90   23.38   -1.71   26.62   -1.66   24.82   -1.66
1976   1   23.73    -.75   23.83   -1.78   26.90   -1.24   24.66   -1.85
1976   2   25.63    -.42   25.39    -.97   27.17    -.84   25.61   -1.08
1976   3   26.21    -.27   26.49    -.59   27.54    -.56   26.49    -.66
1976   4   25.78     .32   26.90    -.50   28.06    -.34   26.99    -.69
1976   5   25.33     .99   26.89    -.17   28.15    -.50   27.22    -.54
1976   6   24.40    1.37   26.88     .51   28.23    -.41   27.39    -.10
1976   7   23.46    1.61   26.23     .65   28.19    -.38   27.21     .13
1976   8   22.19    1.37   25.79     .84   28.23    -.22   27.07     .37
1976   9   21.67    1.21   25.78     .95   28.35    -.13   27.20     .56
1976  10   21.52     .61   25.84     .95   28.86     .45   27.58     .98
1976  11   22.00     .32   25.80     .85   28.92     .56   27.48     .96
1976  12   23.69     .86   25.85     .77   28.35     .07   27.21     .73
1977   1   25.31     .82   26.47     .86   28.32     .18   27.38     .87
1977   2   25.97    -.07   26.82     .46   27.89    -.12   27.03     .33
1977   3   26.35    -.13   27.42     .33   28.04    -.06   27.54     .40
1977   4   25.25    -.21   27.00    -.40   28.32    -.08   27.58    -.11
1977   5   23.95    -.39   26.94    -.11   28.81     .17   28.03     .27
1977   6   22.82    -.20   26.46     .08   28.79     .15   27.86     .36
1977   7   21.75    -.10   25.50    -.09   28.98     .41   27.38     .30
1977   8   20.28    -.54   24.57    -.38   28.73     .28   26.85     .14
1977   9   19.85    -.61   24.70    -.13   28.95     .47   26.96     .32
1977  10   20.98     .07   25.26     .37   28.88     .47   27.30     .71
1977  11   21.65    -.03   25.36     .40   29.11     .75   27.29     .77
1977  12   22.49    -.35   25.34     .25   28.93     .65   27.16     .69
1978   1   24.33    -.15   25.99     .37   28.79     .65   27.34     .83
1978   2   25.99    -.06   26.26    -.10   28.47     .46   26.93     .24
1978   3   25.54    -.94   26.95    -.14   28.28     .18   27.36     .22
1978   4   25.03    -.44   26.68    -.73   28.25    -.16   27.22    -.46
1978   5   23.47    -.87   26.23    -.83   28.86     .21   27.39    -.37
1978   6   22.09    -.93   25.61    -.76   28.57    -.07   27.11    -.38
1978   7   21.11    -.74   24.93    -.65   28.43    -.14   26.68    -.40
1978   8   20.03    -.79   24.35    -.60   28.15    -.30   26.13    -.58
1978   9   19.86    -.61   24.26    -.57   28.48    -.01   26.20    -.44
1978  10   20.35    -.56   24.58    -.31   28.23    -.17   26.41    -.18
1978  11   21.99     .31   24.80    -.15   28.35    -.01   26.40    -.11
1978  12   23.30     .46   25.36     .27   28.27    -.01   26.53     .06
1979   1   24.77     .28   25.40    -.21   28.51     .37   26.50    -.01
1979   2   25.70    -.34   26.26    -.09   28.14     .13   26.69     .00
1979   3   26.26    -.23   27.27     .19   28.45     .36   27.60     .46
1979   4   25.39    -.07   27.63     .22   28.50     .10   27.88     .20
1979   5   24.13    -.21   27.16     .11   28.76     .11   27.81     .05
1979   6   23.29     .27   26.75     .38   28.77     .13   27.76     .27
1979   7   22.18     .33   25.46    -.12   28.59     .01   26.84    -.24
1979   8   21.20     .39   25.02     .07   28.39    -.06   26.69    -.02
1979   9   21.30     .83   25.83    1.00   28.71     .22   27.50     .86
1979  10   21.61     .69   25.26     .37   28.58     .17   26.87     .27
1979  11   22.20     .52   25.25     .30   28.79     .43   26.88     .37
1979  12   23.25     .41   25.48     .40   28.81     .53   27.04     .56
1980   1   24.77     .29   26.06     .45   28.80     .66   27.13     .62
1980   2   25.77    -.27   26.54     .18   28.76     .75   27.18     .49
1980   3   26.61     .13   26.92    -.17   28.66     .56   27.28     .13
1980   4   25.80     .34   27.38    -.03   28.83     .42   27.86     .17
1980   5   24.54     .21   27.13     .07   29.05     .40   27.96     .20
1980   6   23.27     .25   26.87     .50   28.99     .35   28.12     .62
1980   7   21.52    -.33   25.58     .00   28.82     .25   27.32     .25
1980   8   20.77    -.05   24.70    -.26   28.41    -.04   26.59    -.11
1980   9   20.66     .19   24.95     .12   28.54     .05   26.60    -.05
1980  10   20.36    -.55   24.66    -.23   28.56     .15   26.51    -.09
1980  11   21.56    -.12   25.12     .16   28.61     .25   26.60     .09
1980  12   22.54    -.30   25.57     .48   28.45     .17   26.91     .43
1981   1   23.48   -1.01   25.05    -.56   28.05    -.09   26.11    -.40
1981   2   25.21    -.84   25.60    -.76   27.90    -.10   26.16    -.53
1981   3   26.31    -.17   26.80    -.29   28.17     .08   26.92    -.23
1981   4   25.03    -.43   26.94    -.46   28.11    -.30   27.28    -.40
1981   5   24.06    -.28   26.74    -.32   28.43    -.21   27.46    -.30
1981   6   22.75    -.28   26.24    -.14   28.47    -.18   27.41    -.08
1981   7   21.38    -.47   25.08    -.50   28.21    -.37   26.65    -.43
1981   8   20.52    -.30   24.02    -.93   28.06    -.39   26.01    -.70
1981   9   19.93    -.54   24.67    -.16   28.39    -.09   26.57    -.08
1981  10   20.55    -.36   24.92     .04   28.45     .04   26.80     .20
1981  11   21.41    -.27   24.79    -.17   28.46     .10   26.41    -.10
1981  12   23.00     .16   25.44     .36   28.42     .14   26.58     .10